     Rail_Number Measurement_name       Radius  X_position   Y_position   Z_position
131            8             CP 7  1189.071186  730.085759   938.544123   844.501465
149            9             CP 7  1189.242584  564.650995  1046.645679   846.257812
165           10             CP 5  1189.423617  385.861646  1125.095254  1470.249023
167           10             CP 7  1189.240570  384.937977  1125.218151   846.275635
169           10             CP 9  1189.335377  384.946989  1125.315269    28.264893
170           10            CP 10  1189.355056  385.537039  1125.134055   -24.396729
171           10            CP 11  1189.220894  385.817914  1124.895938  -435.690430
185           11             CP 7  1189.284596  194.741577  1173.232103   848.395508
220           13             CP 6  1189.378011 -196.166112  1173.089472  1242.218750
221           13             CP 7  1189.424981 -196.595777  1173.065167   845.496094
238           14             CP 6  1189.417127 -387.092899  1124.665368  1243.776611
298           17            CP 12  1189.356591 -874.877723   805.703463  -846.066284
490           28             CP 6  1189.454148 -567.228390 -1045.491810  1242.651855
506           29             CP 4  1189.128582 -386.941896 -1124.412181  1941.318359
507           29             CP 5  1189.010643 -386.181483 -1124.548875  1471.552246
508           29             CP 6  1188.773735 -385.065452 -1124.681106  1244.605225
509           29             CP 7  1188.739158 -387.561854 -1123.786721   846.726562
510           29             CP 8  1188.840316 -386.635481 -1124.212748   434.528320
511           29             CP 9  1189.243325 -387.775739 -1124.246264    24.976318
512           29            CP 10  1189.242100 -385.301535 -1125.095329   -21.846436
524           30             CP 4  1189.203204 -195.683582 -1172.992837  1946.722656
525           30             CP 5  1189.191902 -195.578536 -1172.998899  1473.107422
526           30             CP 6  1189.021968 -196.323028 -1172.702225  1245.290771
527           30             CP 7  1188.987484 -196.300860 -1172.670972   849.131836
528           30             CP 8  1189.270062 -196.495023 -1172.924970   437.428711
529           30             CP 9  1189.206839 -195.462534 -1173.033377    28.211426
530           30            CP 10  1189.199113 -196.277493 -1172.889456   -25.883789
531           30            CP 11  1189.309240 -196.938461 -1172.890323  -437.394043
532           30            CP 12  1189.496938 -196.663313 -1173.126808  -845.060303
582           33             CP 8  1189.489057  386.637181 -1124.898176   435.900635