     Rail_Number Measurement_name       Radius   X_position   Y_position   Z_position
9              1            CP 11  1194.855365  1190.797693   -98.387991  -438.777832
181           11             CP 3  1189.469895  -196.603329 -1173.109442  2415.301758
182           11             CP 4  1188.897453  -194.005885 -1172.961581  1950.813843
183           11             CP 5  1188.957611  -193.955021 -1173.030967  1476.761963
184           11             CP 6  1188.785677  -194.786035 -1172.718972  1249.949829
185           11             CP 7  1188.767278  -194.404801 -1172.763580   853.492432
186           11             CP 8  1189.101332  -196.467146 -1172.758559   437.428711
187           11             CP 9  1188.978982  -195.425084 -1172.808619    28.211426
188           11            CP 10  1189.001947  -196.244952 -1172.694994   -25.883789
189           11            CP 11  1189.196464  -196.919787 -1172.779104  -437.394043
190           11            CP 12  1189.361392  -196.640903 -1172.993127  -845.060303
191           11            CP 13  1189.407629  -196.294997 -1173.097942 -1242.387451
199           12             CP 3  1189.395434  -387.531213 -1124.491466  2415.286621
200           12             CP 4  1188.820525  -385.680435 -1124.519828  1944.760986
201           12             CP 5  1188.697748  -385.297767 -1124.521217  1474.320068
202           12             CP 6  1188.499537  -384.613056 -1124.546107  1248.128784
203           12             CP 7  1188.413964  -386.060243 -1123.959625   849.846375
204           12             CP 8  1188.689302  -385.269675 -1124.521914   438.880798
205           12             CP 9  1189.062416  -387.716751 -1124.075242    24.976318
206           12            CP 10  1189.073489  -385.246908 -1124.935812   -21.846436
207           12            CP 11  1189.360322  -386.586735 -1124.779388  -435.922607
217           13             CP 3  1189.477087  -567.110054 -1045.582100  2416.220215
219           13             CP 5  1189.293081  -567.342286 -1045.246748  1468.039551
220           13             CP 6  1189.089639  -567.054564 -1045.171417  1242.651855
221           13             CP 7  1189.212964  -566.316043 -1045.712013   847.432861
222           13             CP 8  1189.446578  -567.158851 -1045.520923   435.003174
223           13             CP 9  1189.467219  -567.181782 -1045.531966    27.119385
225           13            CP 11  1189.487541  -566.599427 -1045.870785  -435.322998
240           14             CP 8  1189.414767  -731.228632  -938.089642   436.518066
241           14             CP 9  1189.417503  -731.391843  -937.965868    28.270020
242           14            CP 10  1189.445255  -731.860628  -937.635343   -23.159912
257           15             CP 7  1189.259970  -875.828685  -804.526811   844.954102
423           24            CP 12  1189.256237  -874.803904   805.635480  -846.066284
424           24            CP 13  1189.370218  -875.207947   805.364864 -1242.151733
425           24            CP 14  1189.482867  -875.223183   805.514662 -1470.990112
471           27             CP 5  1189.452097  -386.517728  1124.900145  1468.106445
472           27             CP 6  1189.257450  -387.040932  1124.514384  1243.776611
474           27             CP 8  1189.494254  -387.159703  1124.723942   440.534912
477           27            CP 11  1189.491172  -386.911500  1124.806090  -433.782227
489           28             CP 5  1189.341300  -195.311724  1173.194808  1468.816895
490           28             CP 6  1189.244637  -196.144114  1172.957925  1242.218750
491           28             CP 7  1189.342466  -196.582138  1172.983787   845.496094
492           28             CP 8  1189.420229  -196.136442  1173.137237   437.784424
493           28             CP 9  1189.482681  -196.252470  1173.181152    24.092529
494           28            CP 10  1189.489169  -195.819162  1173.260133   -24.922363
507           29             CP 5  1189.420912    -0.112877  1189.420907  1467.598145
525           30             CP 5  1189.323714   195.831302  1173.090362  1470.883789
526           30             CP 6  1189.403269   195.084774  1173.295388  1243.036133
527           30             CP 7  1189.239460   194.734186  1173.187577   848.395508
543           31             CP 5  1189.229205   385.798577  1124.911356  1470.249023
544           31             CP 6  1189.411936   385.040634  1125.364147  1246.943115
545           31             CP 7  1189.299695   384.957114  1125.274093   846.275635
546           31             CP 8  1189.421224   385.482718  1125.222610   435.942627
547           31             CP 9  1189.267841   384.925131  1125.251368    28.264893
548           31            CP 10  1189.285294   385.514426  1125.068059   -24.396729
549           31            CP 11  1189.058472   385.765221  1124.742301  -435.690430
561           32             CP 5  1189.318063   565.581955  1046.228707  1470.339355
563           32             CP 7  1189.275793   564.666762  1046.674906   846.257812
580           33             CP 6  1189.388729   730.633208   938.520466  1242.658203
581           33             CP 7  1189.078374   730.090172   938.549797   844.501465