Out of Tolerance Points:
     Rail_Number Measurement_name       Radius   X_position   Y_position   Z_position
95             6             CP 7  1189.056566   730.076782   938.532583   844.501465
111            7             CP 5  1189.423699   565.632190  1046.321634  1470.339355
113            7             CP 7  1189.238435   564.649025  1046.642027   846.257812
129            8             CP 5  1189.207845   385.791648  1124.891152  1470.249023
130            8             CP 6  1189.297906   385.003720  1125.256257  1246.943115
131            8             CP 7  1189.177727   384.917636  1125.158691   846.275635
132            8             CP 8  1189.342406   385.457174  1125.148046   435.942627
133            8             CP 9  1189.189592   384.899804  1125.177331    28.264893
134            8            CP 10  1189.207809   385.489309  1124.994758   -24.396729
135            8            CP 11  1189.080384   385.772330  1124.763028  -435.690430
147            9             CP 5  1189.232948   195.816357  1173.000835  1470.883789
148            9             CP 6  1189.333419   195.073317  1173.226484  1243.036133
149            9             CP 7  1189.126866   194.715749  1173.076502   848.395508
165           10             CP 5  1189.302556    -0.112866  1189.302551  1467.598145
166           10             CP 6  1189.407823    -0.686758  1189.407625  1243.858643
183           11             CP 5  1189.179332  -195.285126  1173.035039  1468.816895
184           11             CP 6  1189.161704  -196.130435  1172.876128  1242.218750
185           11             CP 7  1189.270678  -196.570273  1172.912986   845.496094
186           11             CP 8  1189.365765  -196.127460  1173.083519   437.784424
201           12             CP 5  1189.344037  -386.482613  1124.797950  1468.106445
202           12             CP 6  1189.224885  -387.030334  1124.483592  1243.776611
204           12             CP 8  1189.499146  -387.161295  1124.728567   440.534912
262           15            CP 12  1189.470244  -874.961325   805.780455  -846.066284
305           17             CP 1  1192.540774 -1155.897026   293.352286  2560.001465
359           20             CP 1  1192.560719 -1156.270664  -291.957564  2557.846191
360           21             CP 2  1192.564910 -1156.400403  -291.460413  2499.687988
361           21             CP 3  1192.542096 -1156.211662  -292.115120  2417.029785
454           26             CP 6  1189.424319  -567.214165 -1045.465591  1242.651855
469           27             CP 3  1189.451581  -387.549506 -1124.544550  2415.286621
470           27             CP 4  1188.818470  -386.840988 -1124.118946  1941.318359
471           27             CP 5  1188.724920  -386.088684 -1124.278641  1471.552246
472           27             CP 6  1188.602774  -385.010077 -1124.519362  1244.605225
473           27             CP 7  1188.586124  -387.511962 -1123.642049   846.726562
474           27             CP 8  1188.658998  -386.576514 -1124.041286   434.528320
475           27             CP 9  1189.042201  -387.710160 -1124.056132    24.976318
476           27            CP 10  1189.112284  -385.259478 -1124.972515   -21.846436
477           27            CP 11  1189.344518  -386.581598 -1124.764442  -435.922607
487           28             CP 3  1189.321360  -196.578779 -1172.962950  2415.301758
488           28             CP 4  1188.858281  -195.626827 -1172.652616  1946.722656
489           28             CP 5  1188.849609  -195.522243 -1172.661266  1473.107422
490           28             CP 6  1188.770598  -196.281525 -1172.454305  1245.290771
491           28             CP 7  1188.724309  -196.257411 -1172.411409   849.131836
492           28             CP 8  1188.967312  -196.445003 -1172.626381   437.428711
493           28             CP 9  1188.950377  -195.420383 -1172.780403    28.211426
494           28            CP 10  1188.961553  -196.238285 -1172.655154   -25.883789
495           28            CP 11  1189.125216  -196.907989 -1172.708840  -437.394043
496           28            CP 12  1189.306685  -196.631858 -1172.939173  -845.060303
497           28            CP 13  1189.413550  -196.295974 -1173.103782 -1242.387451
546           31             CP 8  1189.351614   386.592505 -1124.768197   435.900635